20 20
245 1 2 3 -4 -5 -6 7 8 9 -10 -11 -12 13 14 -15 -16 -17 -18 19
1 -387 2 3 -4 5 -6 7 -8 9 -10 11 -12 -13 14 15 -16 -17 -18 19
1 2 421 3 -4 -5 -6 -7 8 -9 10 -11 -12 13 14 -15 -16 -17 -18 -19
1 -2 3 814 4 -5 -6 7 -8 9 -10 11 -12 -13 14 15 -16 -17 -18 19
1 -2 3 -4 696 5 -6 -7 8 9 10 -11 -12 13 -14 15 -16 -17 -18 -19
1 -2 3 -4 -5 555 6 7 -8 9 -10 -11 12 13 14 -15 -16 -17 -18 19
1 -2 3 -4 -5 -6 900 7 8 9 -10 -11 -12 13 14 15 -16 -17 -18 19
1 -2 3 4 -5 -6 7 635 8 9 -10 -11 -12 13 14 15 -16 -17 -18 -19
1 -2 3 4 -5 -6 7 8 258 9 -10 -11 -12 13 14 15 -16 -17 -18 19
1 -2 3 4 -5 -6 7 8 9 974 10 -11 -12 13 14 15 -16 -17 -18 19
1 2 -3 4 -5 -6 7 -8 9 -10 321 11 -12 13 14 15 -16 -17 -18 19
1 2 -3 4 -5 -6 7 -8 -9 -10 -11 642 12 13 -14 15 -16 -17 -18 -19
1 2 -3 4 -5 -6 7 -8 -9 10 -11 12 364 13 14 15 -16 -17 -18 19
1 2 -3 4 -5 -6 7 -8 -9 10 -11 -12 13 689 14 15 -16 -17 -18 -19
1 2 -3 -4 -5 -6 7 8 -9 10 -11 12 -13 14 647 15 -16 -17 -18 19
1 2 -3 -4 -5 -6 7 8 -9 10 -11 -12 13 -14 -15  318 16 -17 -18 19
1 2 -3 -4 -5 -6 7 8 -9 -10 -11 -12 13 14 15 -16 469 17 -18 19
1 2 -3 -4 -5 -6 7 8 -9 -10 11 -12 -13 14 15 -16 -17 540 18 -19
1 2 3 -4 -5 -6 -7 8 9 -10 -11 -12 -13 -14 15 -16 -17 -18 422 19
1 2 3 -4 -5 -6 7 8 9 -10 -11 -12 13 14 15 -16 -17 -18 19 514
